MEL_HW: -1303147 -2108463 -2318076 -1923510 -1852611 -1895767 -2157783 -2663321 -2540019 -2712642 -3156528 -3156528 -3156528 -3156528 -3156528 -3156528 -3156528 -3156528 -3156528 -3156528 -3156528 -3156528 -3156528 -3156528 -3156528 -3156528 -3156528 -3156528 -3156528 -3156528 -3156528 -3156528
PREPRO: 10937260  INFER: 17051939  TOTAL: 27989199
MEL_HW: -1417972 -2083802 -2318076 -2052977 -2059142 -1945088 -2244095 -2959245 -2663321 -2761962 -3156528 -3156528 -3156528 -3156528 -3156528 -3156528 -3156528 -3156528 -3156528 -3156528 -3156528 -3156528 -3156528 -3156528 -3156528 -3156528 -3156528 -3156528 -3156528 -3156528 -3156528 -3156528
PREPRO: 13099730  INFER: 17122282  TOTAL: 30222012
MEL_HW: -1413348 -2046812 -2540019 -2108463 -2157783 -2114628 -2268755 -2860604 -2860604 -3156528 -3156528 -3156528 -3156528 -3156528 -3156528 -3156528 -3156528 -3156528 -3156528 -3156528 -3156528 -3156528 -3156528 -3156528 -3156528 -3156528 -3156528 -3156528 -3156528 -3156528 -3156528 -3156528
PREPRO: 13506065  INFER: 17117037  TOTAL: 30623102
MEL_HW: -1661493 -2022151 -2416717 -2268755 -2305746 -1892684 -1861859 -2367396 -2663321 -2466038 -3156528 -3156528 -3156528 -3156528 -3156528 -3156528 -3156528 -3156528 -3156528 -3156528 -3156528 -3156528 -3156528 -3156528 -3156528 -3156528 -3156528 -3156528 -3156528 -3156528 -3156528 -3156528
PREPRO: 13501408  INFER: 17127905  TOTAL: 30629313
MEL_HW: -1658411 -2151618 -2416717 -1969748 -1942005 -1868024 -2207104 -2712642 -2416717 -2490698 -3156528 -3156528 -3156528 -3156528 -3156528 -3156528 -3156528 -3156528 -3156528 -3156528 -3156528 -3156528 -3156528 -3156528 -3156528 -3156528 -3156528 -3156528 -3156528 -3156528 -3156528 -3156528
PREPRO: 13506081  INFER: 17121585  TOTAL: 30627666
